54
0.000000,1.000000;-452.876548,-304.680842;-1
0.242536,0.970143;-631.789424,-212.256717;-1
0.554700,0.832050;-486.834305,-272.065234;-1
0.832050,0.554700;-511.788963,-273.872380;-1
0.970143,0.242536;-503.740951,-224.293839;-1
1.000000,0.000000;-528.897108,-388.373432;-1
0.000000,1.000000;-398.251517,-430.809717;0
0.000000,1.000000;-438.844079,-813.283108;6
0.000000,1.000000;-572.834690,-206.151749;7
0.000000,1.000000;-625.045633,-162.244645;8
0.000000,1.000000;-642.527052,-156.482845;9
0.000000,1.000000;-641.328363,-153.742623;10
0.000000,1.000000;-645.306152,-146.587571;11
0.000000,1.000000;-659.568859,-144.620403;12
0.242536,0.970143;-617.777738,-155.199839;1
0.242536,0.970143;-655.129570,-118.772449;14
0.242536,0.970143;-644.207294,-207.445580;15
0.242536,0.970143;-643.862028,-137.864863;16
0.242536,0.970143;-663.409659,-136.911859;17
0.242536,0.970143;-639.819266,-128.386001;18
0.242536,0.970143;-614.373095,-103.004786;19
0.242536,0.970143;-561.844857,-78.666925;20
0.554700,0.832050;-526.584587,-1025.151363;2
0.554700,0.832050;-325.416494,-802.505519;22
0.554700,0.832050;-364.139943,-81.632141;23
0.554700,0.832050;-433.608170,-138.226383;24
0.554700,0.832050;-489.994111,-129.474535;25
0.554700,0.832050;-482.611164,-125.932576;26
0.554700,0.832050;-491.158939,-139.747665;27
0.554700,0.832050;-530.709132,-125.019668;28
0.832050,0.554700;-649.247079,-401.060794;3
0.832050,0.554700;-646.376623,-113.846653;30
0.832050,0.554700;-598.575313,-167.525586;31
0.832050,0.554700;-568.186752,-142.296715;32
0.832050,0.554700;-545.127155,-111.028127;33
0.832050,0.554700;-508.307019,-130.727831;34
0.832050,0.554700;-452.025154,-111.221994;35
0.832050,0.554700;-430.797589,-121.423849;36
0.970143,0.242536;-664.220519,-253.203680;4
0.970143,0.242536;-778.383999,-528.507402;38
0.970143,0.242536;-825.767015,-595.898868;39
0.970143,0.242536;-701.339996,-685.744065;40
0.970143,0.242536;-640.295947,-379.728214;41
0.970143,0.242536;-573.763211,-179.883075;42
0.970143,0.242536;-423.567292,-190.110465;43
0.970143,0.242536;-477.693960,-163.321266;44
1.000000,0.000000;-654.436928,-189.858551;5
1.000000,0.000000;-560.323138,-454.030241;46
1.000000,0.000000;-522.310393,-482.446423;47
1.000000,0.000000;-429.748424,-204.439230;48
1.000000,0.000000;-410.180799,-373.768722;49
1.000000,0.000000;-287.532565,-519.063314;50
1.000000,0.000000;-203.763397,-624.039227;51
1.000000,0.000000;-195.907864,-693.476647;52
36
15
18
31
46
19
17
16
9
20
14
30
32
42
21
33
43
34
8
29
35
26
28
27
36
45
37
25
24
44
47
48
50
6
51
52
53
