60
0.000000,1.000000;-434.588666,-488.606895;-1
0.242536,0.970143;-592.123885,-273.517133;-1
0.554700,0.832050;-456.037364,-361.911036;-1
0.832050,0.554700;-512.800508,-257.984807;-1
0.970143,0.242536;-509.909947,-238.123888;-1
1.000000,0.000000;-511.381019,-444.584656;-1
0.000000,1.000000;-470.602948,-877.495566;0
0.000000,1.000000;-401.627043,-343.202684;6
0.000000,1.000000;-551.875088,-160.307847;7
0.000000,1.000000;-591.941754,-165.609664;8
0.000000,1.000000;-629.685414,-164.624769;9
0.000000,1.000000;-622.586519,-166.263130;10
0.000000,1.000000;-592.916388,-157.244991;11
0.000000,1.000000;-582.915297,-151.497791;12
0.242536,0.970143;-563.503625,-279.574692;1
0.242536,0.970143;-562.359102,-210.754821;14
0.242536,0.970143;-573.615487,-200.819262;15
0.242536,0.970143;-596.495608,-168.419594;16
0.242536,0.970143;-590.709972,-170.361630;17
0.242536,0.970143;-631.572261,-148.911121;18
0.242536,0.970143;-640.308891,-113.864103;19
0.242536,0.970143;-607.555153,-129.874917;20
0.554700,0.832050;-428.263794,-1283.444311;2
0.554700,0.832050;-464.567372,-1101.255072;22
0.554700,0.832050;-376.140240,-183.830871;23
0.554700,0.832050;-492.056044,-165.148880;24
0.554700,0.832050;-509.106268,-166.225696;25
0.554700,0.832050;-510.707613,-164.167813;26
0.554700,0.832050;-507.309955,-163.222250;27
0.554700,0.832050;-492.780538,-159.041567;28
0.832050,0.554700;-535.173925,-256.488769;3
0.832050,0.554700;-538.018490,-184.771896;30
0.832050,0.554700;-537.600714,-160.738101;31
0.832050,0.554700;-519.776629,-168.714776;32
0.832050,0.554700;-534.164171,-153.316190;33
0.832050,0.554700;-500.877680,-165.631376;34
0.832050,0.554700;-474.299103,-164.726342;35
0.832050,0.554700;-471.753978,-162.258023;36
0.970143,0.242536;-610.550611,-522.695570;4
0.970143,0.242536;-545.549989,-938.491049;38
0.970143,0.242536;-581.625695,-321.292128;39
0.970143,0.242536;-572.051530,-237.053203;40
0.970143,0.242536;-530.286823,-200.629376;41
0.970143,0.242536;-516.167409,-148.655130;42
0.970143,0.242536;-484.166224,-155.673778;43
0.970143,0.242536;-463.409881,-135.643859;44
1.000000,0.000000;-372.060317,-101.851851;5
1.000000,0.000000;-320.753508,-433.981412;46
1.000000,0.000000;-280.558134,-1086.374187;47
1.000000,0.000000;-230.406350,-326.090364;48
1.000000,0.000000;-219.484965,-415.187697;49
1.000000,0.000000;-232.446031,-284.449369;50
1.000000,0.000000;-300.205608,-254.266492;51
1.000000,0.000000;-235.724050,-274.115132;52
0.064359,0.997927;-493.255083,-174.630711;24
0.320449,0.947266;-524.166230,-175.991026;24
0.965926,0.258819;-318.339609,-174.110281;50
0.866025,0.500000;-494.356607,-161.369839;46
0.965926,0.258819;-475.200207,-118.123386;46
0.707107,0.707107;-508.932448,-154.722086;46
37
20
19
10
11
21
12
9
13
16
8
15
34
32
31
14
43
33
59
28
35
30
58
29
44
45
37
38
46
24
56
7
52
53
51
49
47
50
