114
0.000000,1.000000;-452.876548,-304.680842;-1
0.242536,0.970143;-631.789424,-212.256717;-1
0.554700,0.832050;-486.834305,-272.065234;-1
0.832050,0.554700;-511.788963,-273.872380;-1
0.970143,0.242536;-503.740951,-224.293839;-1
1.000000,0.000000;-528.897108,-388.373432;-1
0.000000,1.000000;-398.251517,-430.809717;0
0.000000,1.000000;-438.844079,-813.283108;6
0.000000,1.000000;-572.834690,-206.151749;7
0.000000,1.000000;-625.045633,-162.244645;8
0.000000,1.000000;-642.527052,-156.482845;9
0.000000,1.000000;-641.328363,-153.742623;10
0.000000,1.000000;-645.306152,-146.587571;11
0.000000,1.000000;-659.568859,-144.620403;12
0.242536,0.970143;-617.777738,-155.199839;1
0.242536,0.970143;-655.129570,-118.772449;14
0.242536,0.970143;-644.207294,-207.445580;15
0.242536,0.970143;-643.862028,-137.864863;16
0.242536,0.970143;-663.409659,-136.911859;17
0.242536,0.970143;-639.819266,-128.386001;18
0.242536,0.970143;-614.373095,-103.004786;19
0.242536,0.970143;-561.844857,-78.666925;20
0.554700,0.832050;-526.584587,-1025.151363;2
0.554700,0.832050;-325.416494,-802.505519;22
0.554700,0.832050;-364.139943,-81.632141;23
0.554700,0.832050;-433.608170,-138.226383;24
0.554700,0.832050;-489.994111,-129.474535;25
0.554700,0.832050;-482.611164,-125.932576;26
0.554700,0.832050;-491.158939,-139.747665;27
0.554700,0.832050;-530.709132,-125.019668;28
0.832050,0.554700;-649.247079,-401.060794;3
0.832050,0.554700;-646.376623,-113.846653;30
0.832050,0.554700;-598.575313,-167.525586;31
0.832050,0.554700;-568.186752,-142.296715;32
0.832050,0.554700;-545.127155,-111.028127;33
0.832050,0.554700;-508.307019,-130.727831;34
0.832050,0.554700;-452.025154,-111.221994;35
0.832050,0.554700;-430.797589,-121.423849;36
0.970143,0.242536;-664.220519,-253.203680;4
0.970143,0.242536;-778.383999,-528.507402;38
0.970143,0.242536;-825.767015,-595.898868;39
0.970143,0.242536;-701.339996,-685.744065;40
0.970143,0.242536;-640.295947,-379.728214;41
0.970143,0.242536;-573.763211,-179.883075;42
0.970143,0.242536;-423.567292,-190.110465;43
0.970143,0.242536;-477.693960,-163.321266;44
1.000000,0.000000;-654.436928,-189.858551;5
1.000000,0.000000;-560.323138,-454.030241;46
1.000000,0.000000;-522.310393,-482.446423;47
1.000000,0.000000;-429.748424,-204.439230;48
1.000000,0.000000;-410.180799,-373.768722;49
1.000000,0.000000;-287.532565,-519.063314;50
1.000000,0.000000;-203.763397,-624.039227;51
1.000000,0.000000;-195.907864,-693.476647;52
0.980581,0.196116;-474.442639,-84.194711;24
0.707107,0.707107;-372.795800,-164.008090;52
0.707107,0.707107;-412.601219,-171.640355;53
0.866025,0.500000;-308.539492,-164.483619;53
0.857493,0.514496;-565.519161,-135.329314;15
0.695113,0.718900;-625.533654,-94.566632;15
0.997927,0.064359;-419.670908,-130.467265;34
0.999859,0.016820;-519.414273,-116.715506;58
0.980581,0.196116;-439.632163,-128.298000;29
0.242536,0.970143;-492.766198,-115.342312;21
0.961436,0.275029;-501.767262,-133.875496;58
0.485363,0.874313;-644.469516,-122.436308;15
1.000000,0.000000;-185.074100,-667.539070;53
0.196116,0.980581;-547.086456,-114.441773;34
0.997927,0.064359;-242.985031,-96.273607;37
0.965926,0.258819;-294.397806,-154.431821;53
0.947266,0.320449;-361.886399,-116.397589;37
0.857493,0.514496;-569.213748,-131.997261;18
0.997927,0.064359;-211.024862,-80.001275;70
1.000000,-0.000000;-191.106729,-521.322927;69
0.695113,0.718900;-628.494646,-106.729102;18
0.485363,0.874313;-596.005158,-134.156867;18
0.997927,0.064359;-548.549633,-191.264865;31
0.947266,0.320449;-603.084449,-109.389646;31
0.997927,0.064359;-243.531032,-117.208404;68
0.258819,0.965926;-436.575221,-142.235032;57
0.997927,0.064359;-220.363032,-106.306690;72
0.965926,0.258819;-361.408426,-140.569059;57
0.866025,0.500000;-395.150148,-142.275715;57
0.707107,0.707107;-421.596458,-147.569710;57
1.000000,-0.000000;-253.661552,-136.654725;83
0.660132,0.751150;-305.588720,-110.183550;80
0.947266,0.320449;-308.265794,-124.016086;80
1.000000,-0.000000;-206.384993,-83.166256;82
1.000000,-0.000000;-182.269773,-205.080774;73
0.832050,0.554700;-402.708633,-121.146624;80
0.947266,0.320449;-265.979915,-117.736112;86
0.997927,0.064359;-220.592680,-109.080216;86
0.965926,0.258819;-400.357785,-163.402352;73
0.997927,0.064359;-243.194387,-115.820987;85
0.866025,0.500000;-346.616871,-152.653052;73
0.832050,0.554700;-340.131066,-122.173172;86
1.000000,0.000000;-358.979653,-146.685435;55
0.997927,0.064359;-231.439059,-123.726724;91
0.997927,0.064359;-215.815561,-114.701336;90
0.660132,0.751150;-609.535511,-125.864888;31
0.443227,0.896410;-588.605201,-136.269654;31
0.196116,0.980581;-605.003529,-129.008997;31
1.000000,0.000000;-231.606896,-135.920188;96
1.000000,-0.000000;-213.922196,-179.690217;88
0.965926,0.258819;-406.843836,-532.359271;46
0.866025,0.500000;-438.694111,-335.918288;46
0.707107,0.707107;-539.478345,-635.287649;46
0.961436,0.275029;-516.482358,-134.194253;65
0.000000,1.000000;-658.702164,-101.757651;106
0.857493,0.514496;-556.594925,-129.144574;65
0.695113,0.718900;-603.867712,-123.766250;65
0.485363,0.874313;-622.535738,-126.695339;65
0.242536,0.970143;-614.384646,-132.401669;65
0.857493,0.514496;-496.935948,-115.029956;19
75
108
15
31
46
65
19
59
74
111
9
20
99
77
110
75
32
100
21
71
58
109
43
34
67
29
76
61
107
35
63
113
54
26
27
36
45
37
62
25
79
60
83
89
24
82
92
47
70
81
55
95
96
94
85
86
105
90
69
68
87
72
80
91
102
50
103
88
6
104
51
106
73
52
66
53
