114
0.000000,1.000000;-434.588666,-488.606895;-1
0.242536,0.970143;-592.123885,-273.517133;-1
0.554700,0.832050;-456.037364,-361.911036;-1
0.832050,0.554700;-512.800508,-257.984807;-1
0.970143,0.242536;-509.909947,-238.123888;-1
1.000000,0.000000;-511.381019,-444.584656;-1
0.000000,1.000000;-470.602948,-877.495566;0
0.000000,1.000000;-401.627043,-343.202684;6
0.000000,1.000000;-551.875088,-160.307847;7
0.000000,1.000000;-591.941754,-165.609664;8
0.000000,1.000000;-629.685414,-164.624769;9
0.000000,1.000000;-622.586519,-166.263130;10
0.000000,1.000000;-592.916388,-157.244991;11
0.000000,1.000000;-582.915297,-151.497791;12
0.242536,0.970143;-563.503625,-279.574692;1
0.242536,0.970143;-562.359102,-210.754821;14
0.242536,0.970143;-573.615487,-200.819262;15
0.242536,0.970143;-596.495608,-168.419594;16
0.242536,0.970143;-590.709972,-170.361630;17
0.242536,0.970143;-631.572261,-148.911121;18
0.242536,0.970143;-640.308891,-113.864103;19
0.242536,0.970143;-607.555153,-129.874917;20
0.554700,0.832050;-428.263794,-1283.444311;2
0.554700,0.832050;-464.567372,-1101.255072;22
0.554700,0.832050;-376.140240,-183.830871;23
0.554700,0.832050;-492.056044,-165.148880;24
0.554700,0.832050;-509.106268,-166.225696;25
0.554700,0.832050;-510.707613,-164.167813;26
0.554700,0.832050;-507.309955,-163.222250;27
0.554700,0.832050;-492.780538,-159.041567;28
0.832050,0.554700;-535.173925,-256.488769;3
0.832050,0.554700;-538.018490,-184.771896;30
0.832050,0.554700;-537.600714,-160.738101;31
0.832050,0.554700;-519.776629,-168.714776;32
0.832050,0.554700;-534.164171,-153.316190;33
0.832050,0.554700;-500.877680,-165.631376;34
0.832050,0.554700;-474.299103,-164.726342;35
0.832050,0.554700;-471.753978,-162.258023;36
0.970143,0.242536;-610.550611,-522.695570;4
0.970143,0.242536;-545.549989,-938.491049;38
0.970143,0.242536;-581.625695,-321.292128;39
0.970143,0.242536;-572.051530,-237.053203;40
0.970143,0.242536;-530.286823,-200.629376;41
0.970143,0.242536;-516.167409,-148.655130;42
0.970143,0.242536;-484.166224,-155.673778;43
0.970143,0.242536;-463.409881,-135.643859;44
1.000000,0.000000;-372.060317,-101.851851;5
1.000000,0.000000;-320.753508,-433.981412;46
1.000000,0.000000;-280.558134,-1086.374187;47
1.000000,0.000000;-230.406350,-326.090364;48
1.000000,0.000000;-219.484965,-415.187697;49
1.000000,0.000000;-232.446031,-284.449369;50
1.000000,0.000000;-300.205608,-254.266492;51
1.000000,0.000000;-235.724050,-274.115132;52
0.064359,0.997927;-493.255083,-174.630711;24
0.320449,0.947266;-524.166230,-175.991026;24
0.965926,0.258819;-318.339609,-174.110281;50
0.866025,0.500000;-494.356607,-161.369839;46
0.965926,0.258819;-475.200207,-118.123386;46
0.707107,0.707107;-508.932448,-154.722086;46
0.965926,0.258819;-335.746746,-200.166163;51
0.707107,0.707107;-360.107406,-184.828822;51
0.965926,0.258819;-366.965301,-176.612911;49
0.866025,0.500000;-413.941106,-193.185574;51
0.857493,0.514496;-561.763282,-147.052799;20
0.695113,0.718900;-613.241952,-115.906236;20
0.485363,0.874313;-599.510502,-156.119233;20
0.857493,0.514496;-596.825924,-153.866529;19
0.695113,0.718900;-599.404088,-151.726297;19
0.485363,0.874313;-604.325939,-147.091101;19
0.707107,0.707107;-563.248984,-157.371203;10
0.500000,0.866025;-546.660645,-170.345192;10
0.258819,0.965926;-599.308266,-152.326250;10
0.999859,0.016820;-453.070600,-127.201490;65
0.961436,0.275029;-541.017623,-158.894990;65
0.857493,0.514496;-571.677192,-161.403673;65
0.695113,0.718900;-596.188928,-100.677118;65
0.485363,0.874313;-575.004844,-107.988928;65
0.242536,0.970143;-572.251655,-154.234145;77
0.485363,0.874313;-537.818971,-128.951765;77
0.242536,0.970143;-600.759715,-98.560310;65
0.707107,0.707107;-595.908443,-170.842806;11
0.500000,0.866025;-589.410395,-168.223867;11
0.258819,0.965926;-596.572150,-189.287961;11
0.857493,0.514496;-541.375695,-121.647866;80
0.695113,0.718900;-569.210057,-136.570568;80
0.485363,0.874313;-562.990245,-123.647083;80
0.242536,0.970143;-593.415035,-137.918754;80
0.999859,0.016820;-469.993932,-156.404336;76
0.961436,0.275029;-505.340676,-155.564371;76
0.857493,0.514496;-545.793544,-156.327571;76
0.695113,0.718900;-569.203611,-155.170288;76
0.485363,0.874313;-576.676145,-120.921721;76
0.242536,0.970143;-578.144033,-151.415518;76
0.857493,0.514496;-532.821874,-149.907411;87
0.695113,0.718900;-562.043644,-150.031516;87
0.485363,0.874313;-573.854066,-149.760353;87
0.242536,0.970143;-591.963071,-172.866474;87
0.999859,0.016820;-446.659034,-169.299695;68
0.961436,0.275029;-470.521223,-156.768495;68
0.857493,0.514496;-538.733299,-161.851860;68
0.695113,0.718900;-560.374101,-173.266972;68
0.485363,0.874313;-559.673477,-164.494738;68
0.242536,0.970143;-579.186675,-165.427704;68
0.707107,0.707107;-550.383579,-161.851812;12
0.500000,0.866025;-563.601400,-160.465640;12
0.258819,0.965926;-546.637063,-159.002212;12
0.707107,0.707107;-516.448990,-161.381871;9
0.500000,0.866025;-560.551727,-155.755932;9
0.258819,0.965926;-572.296937,-152.249163;9
0.961436,0.275029;-502.828397,-150.424424;77
0.857493,0.514496;-517.423182,-163.356294;77
0.695113,0.718900;-500.481991,-133.178408;77
0.961436,0.275029;-454.247884,-133.004246;92
53
20
19
10
65
11
80
76
87
68
12
9
77
92
86
85
64
95
102
101
84
79
94
34
31
14
43
107
112
110
35
30
58
29
44
73
45
113
98
38
46
63
24
62
61
56
60
7
52
53
51
49
47
50
