102
0.000000,1.000000;-441.529340,-531.040215;-1
0.242536,0.970143;-615.583097,-277.622435;-1
0.554700,0.832050;-443.209621,-381.510678;-1
0.832050,0.554700;-551.501286,-317.982535;-1
0.970143,0.242536;-541.473058,-180.089722;-1
1.000000,0.000000;-538.995823,-454.842908;-1
0.000000,1.000000;-577.057325,-305.307863;0
0.000000,1.000000;-552.855223,-98.650359;6
0.000000,1.000000;-559.450017,-67.824251;7
0.000000,1.000000;-575.128240,-118.760316;8
0.000000,1.000000;-586.212398,-120.748697;9
0.000000,1.000000;-563.368976,-91.613326;10
0.242536,0.970143;-559.918357,-87.995844;1
0.242536,0.970143;-599.442140,-62.016042;12
0.242536,0.970143;-584.807922,-63.471793;13
0.242536,0.970143;-591.141899,-96.437402;14
0.242536,0.970143;-568.001956,-116.039850;15
0.242536,0.970143;-508.687238,-96.211571;16
0.554700,0.832050;-437.616014,-1837.871334;2
0.554700,0.832050;-603.591003,-121.898939;18
0.554700,0.832050;-534.561383,-130.256922;19
0.554700,0.832050;-519.849753,-105.320711;20
0.554700,0.832050;-525.593993,-141.383951;21
0.554700,0.832050;-466.831779,-84.724519;22
0.832050,0.554700;-402.296507,-38.115110;3
0.832050,0.554700;-458.767365,-75.439556;24
0.832050,0.554700;-430.592670,-103.397477;25
0.832050,0.554700;-413.291048,-106.430413;26
0.832050,0.554700;-420.040382,-136.720744;27
0.832050,0.554700;-383.050052,-106.968810;28
0.970143,0.242536;-542.967270,-509.376331;4
0.970143,0.242536;-535.981761,-195.343424;30
0.970143,0.242536;-529.990159,-153.023759;31
0.970143,0.242536;-501.627178,-95.012420;32
0.970143,0.242536;-442.876613,-77.060274;33
0.970143,0.242536;-407.112063,-99.230821;34
1.000000,0.000000;-463.506810,-191.911357;5
1.000000,0.000000;-368.643954,-173.723955;36
1.000000,0.000000;-263.763427,-74.989353;37
1.000000,0.000000;-251.978750,-68.063954;38
1.000000,0.000000;-252.433871,-132.381153;39
1.000000,0.000000;-240.181554,-120.666606;40
1.000000,0.000000;-234.935024,-107.410858;41
0.707107,0.707107;-258.640551,-93.950016;41
0.866025,0.500000;-245.192451,-74.389211;41
0.965926,0.258819;-260.365898,-122.311047;41
0.980581,0.196116;-446.928723,-110.029117;20
0.896410,0.443227;-487.895586,-101.352121;20
0.258819,0.965926;-300.323070,-115.020521;44
1.000000,0.000000;-243.789573,-163.823626;42
0.866025,0.500000;-332.309934,-116.679364;44
0.707107,0.707107;-298.049167,-109.511856;44
0.500000,0.866025;-300.079836,-117.600672;44
0.751150,0.660132;-506.750820,-119.086672;20
0.258819,0.965926;-365.781798,-137.415531;50
0.500000,0.866025;-354.022079,-120.478951;50
1.000000,0.000000;-238.438437,-224.475394;49
0.320449,0.947266;-530.972647,-157.142263;20
0.064359,0.997927;-546.751005,-91.934277;20
0.874313,0.485363;-522.565774,-94.301536;31
0.751150,0.660132;-507.732068,-124.150369;58
0.554700,0.832050;-551.426014,-128.002198;58
0.320449,0.947266;-529.942471,-101.457704;58
0.064359,0.997927;-583.780661,-110.497004;58
0.896410,0.443227;-452.729540,-111.880048;57
0.751150,0.660132;-532.264822,-141.454817;57
0.707107,0.707107;-466.094675,-99.128746;36
1.000000,0.000000;-241.960203,-235.166343;56
0.896410,0.443227;-473.626383,-129.286966;62
0.751150,0.660132;-509.797768,-134.612915;62
0.554700,0.832050;-510.234917,-107.658184;62
0.320449,0.947266;-542.469835,-139.182471;62
0.896410,0.443227;-467.965679,-132.785549;71
0.751150,0.660132;-516.296975,-133.667099;71
0.554700,0.832050;-538.712122,-118.132545;71
0.320449,0.947266;-554.196657,-117.494879;71
0.064359,0.997927;-551.079812,-139.688030;71
0.064359,0.997927;-546.931100,-96.506500;62
0.751150,0.660132;-496.490730,-97.027543;77
0.554700,0.832050;-507.453608,-102.939098;77
0.320449,0.947266;-550.011270,-119.967443;77
0.064359,0.997927;-533.796121,-117.714254;77
0.980581,0.196116;-459.570608,-103.283542;74
0.896410,0.443227;-485.738735,-106.277329;74
0.751150,0.660132;-538.778885,-122.282420;74
0.554700,0.832050;-521.772568,-139.862349;74
0.320449,0.947266;-509.785901,-111.281030;74
0.064359,0.997927;-530.924633,-106.174761;74
0.751150,0.660132;-520.055549,-127.615689;81
0.554700,0.832050;-490.499878,-132.128692;81
0.980581,0.196116;-450.089700,-120.875128;84
0.896410,0.443227;-473.018913,-110.205140;84
0.751150,0.660132;-500.197987,-122.743580;84
0.554700,0.832050;-496.138399,-120.753714;84
0.320449,0.947266;-504.089115,-108.927907;84
0.064359,0.997927;-558.643433,-95.325512;84
0.320449,0.947266;-517.023925,-125.473157;81
0.064359,0.997927;-515.205401,-144.320648;81
0.751150,0.660132;-499.299739,-120.341473;87
0.554700,0.832050;-511.069511,-126.339254;87
0.320449,0.947266;-535.548663,-108.139381;87
0.064359,0.997927;-505.068300,-93.450304;87
58
58
77
71
74
84
100
81
62
87
59
22
21
88
96
17
70
101
79
33
78
98
93
47
83
23
91
25
66
82
72
34
64
46
90
24
26
36
27
35
28
29
55
54
50
37
38
51
39
52
44
43
45
42
41
40
49
56
67
